0,1,2,3,4,5,6,7,8,9,10,11,12,13,14,15,16,17,18,19,20,21,22,23,24,25,26,27,28,29,30,31,32,33,34,35,36,37,38,39,40,41,42,43,44,45,46,47,48,49,50,51,52,53,54,55,56,57,58,59,60,61,62,63,64,65,66,67,68,69,70,71,72,73,74,75,76,77,78,79,80,81,82,83,84,85,86,87,88,89,90,91,92,93,94,95,96,97,98,99
0.0,0.0,0.0,19.743009772439773,12.13887214043542,3.982872124741693,0.0,0.0,0.0,0.0,0.0,0.0,0.0,0.0,0.0,0.0,0.0,0.0,0.0,0.0,0.0,0.0,0.0,0.0,0.0,0.0,0.0,0.0,0.0,0.0,0.0,0.0,0.0,0.0,6.822523351192473,21.51587598514557,32.59887348175049,18.50687348175049,14.834873481750492,0.6258734817504852,22.21387348175049,34.230873481750486,40.97287348175048,42.638873481750494,32.57187348175049,25.72887348175049,22.667873481750483,32.96187348175049,14.506873481750489,4.2668734817504905,9.916873481750493,0.0,0.0,0.0,0.0,0.0,0.0,0.0,0.0,0.0,0.0,0.0,0.0,0.0,0.0,0.0,0.0,0.0,0.0,0.0,0.0,0.0,0.0,0.0,0.0,0.0,0.0,0.0,0.0,0.0,0.0,0.0,0.0,0.0,0.0,0.0,0.0,0.0,0.0,0.0,0.0,0.0,0.0,0.0,0.0,0.0,0.0,0.0,0.0,0.0
0.0,0.0,0.0,19.74618986208976,12.13887474831592,3.9828721253580888,0.0,0.0,0.0,0.0,0.0,0.0,0.0,0.0,0.0,0.0,0.0,0.0,0.0,0.0,0.0,0.0,0.0,0.0,0.0,0.0,0.0,0.0,0.0,0.0,0.0,0.0,0.0,0.0,6.822045441150664,21.515873660564424,32.59887348175049,18.50687348175049,14.834873481750492,0.6258734817504852,22.21387348175049,34.230873481750486,40.97287348175048,42.638873481750494,32.57187348175049,25.72887348175049,22.667873481750483,32.96187348175049,14.506873481750489,4.2668734817504905,9.916873481750493,0.0,0.0,0.0,0.0,0.0,0.0,0.0,0.0,0.0,0.0,0.0,0.0,0.0,0.0,0.0,0.0,0.0,0.0,0.0,0.0,0.0,0.0,0.0,0.0,0.0,0.0,0.0,0.0,0.0,0.0,0.0,0.0,0.0,0.0,0.0,0.0,0.0,0.0,0.0,0.0,0.0,0.0,0.0,0.0,0.0,0.0,0.0,0.0,0.0
0.0,0.0,0.0,19.742199265050548,12.138872124741692,3.982872124741693,0.0,0.0,0.0,0.0,0.0,0.0,0.0,0.0,0.0,0.0,0.0,0.0,0.0,0.0,0.0,0.0,0.0,0.0,0.0,0.0,0.0,0.0,0.0,0.0,0.0,0.0,0.0,0.0,6.823002214908598,21.51587348175049,32.59887348175049,18.50687348175049,14.834873481750492,0.6258734817504852,22.21387348175049,34.230873481750486,40.97287348175048,42.638873481750494,32.57187348175049,25.72887348175049,22.667873481750483,32.96187348175049,14.506873481750489,4.2668734817504905,9.916873481750493,0.0,0.0,0.0,0.0,0.0,0.0,0.0,0.0,0.0,0.0,0.0,0.0,0.0,0.0,0.0,0.0,0.0,0.0,0.0,0.0,0.0,0.0,0.0,0.0,0.0,0.0,0.0,0.0,0.0,0.0,0.0,0.0,0.0,0.0,0.0,0.0,0.0,0.0,0.0,0.0,0.0,0.0,0.0,0.0,0.0,0.0,0.0,0.0,0.0
0.0,0.0,0.0,19.743489881021528,12.138872139317606,3.982872124741693,0.0,0.0,0.0,0.0,0.0,0.0,0.0,0.0,0.0,0.0,0.0,0.0,0.0,0.0,0.0,0.0,0.0,0.0,0.0,0.0,0.0,0.0,0.0,0.0,0.0,0.0,0.0,0.0,6.821873481750487,21.51587348175049,32.59887348175049,18.50687348175049,14.834873481750492,0.6258734817504852,22.21387348175049,34.230873481750486,40.97287348175048,42.638873481750494,32.57187348175049,25.72887348175049,22.667873481750483,32.96187348175049,14.506873481750489,4.2668734817504905,9.916873481750493,0.0,0.0,0.0,0.0,0.0,0.0,0.0,0.0,0.0,0.0,0.0,0.0,0.0,0.0,0.0,0.0,0.0,0.0,0.0,0.0,0.0,0.0,0.0,0.0,0.0,0.0,0.0,0.0,0.0,0.0,0.0,0.0,0.0,0.0,0.0,0.0,0.0,0.0,0.0,0.0,0.0,0.0,0.0,0.0,0.0,0.0,0.0,0.0,0.0
0.0,0.0,0.0,19.74260540541184,12.138872271839276,3.982872124741693,0.0,0.0,0.0,0.0,0.0,0.0,0.0,0.0,0.0,0.0,0.0,0.0,0.0,0.0,0.0,0.0,0.0,0.0,0.0,0.0,0.0,0.0,0.0,0.0,0.0,0.0,0.0,0.0,6.822197313785551,21.51587348175049,32.59887348175049,18.50687348175049,14.834873481750492,0.6258734817504852,22.21387348175049,34.230873481750486,40.97287348175048,42.638873481750494,32.57187348175049,25.72887348175049,22.667873481750483,32.96187348175049,14.506873481750489,4.2668734817504905,9.916873481750493,0.0,0.0,0.0,0.0,0.0,0.0,0.0,0.0,0.0,0.0,0.0,0.0,0.0,0.0,0.0,0.0,0.0,0.0,0.0,0.0,0.0,0.0,0.0,0.0,0.0,0.0,0.0,0.0,0.0,0.0,0.0,0.0,0.0,0.0,0.0,0.0,0.0,0.0,0.0,0.0,0.0,0.0,0.0,0.0,0.0,0.0,0.0,0.0,0.0
0.0,0.0,0.0,19.742142462926992,12.138872124753387,3.982872124741693,0.0,0.0,0.0,0.0,0.0,0.0,0.0,0.0,0.0,0.0,0.0,0.0,0.0,0.0,0.0,0.0,0.0,0.0,0.0,0.0,0.0,0.0,0.0,0.0,0.0,0.0,0.0,0.0,6.822778220653532,21.515876640796662,32.59887348175049,18.50687348175049,14.834873481750492,0.6258734817504852,22.21387348175049,34.230873481750486,40.97287348175048,42.638873481750494,32.57187348175049,25.72887348175049,22.667873481750483,32.96187348175049,14.506873481750489,4.2668734817504905,9.916873481750493,0.0,0.0,0.0,0.0,0.0,0.0,0.0,0.0,0.0,0.0,0.0,0.0,0.0,0.0,0.0,0.0,0.0,0.0,0.0,0.0,0.0,0.0,0.0,0.0,0.0,0.0,0.0,0.0,0.0,0.0,0.0,0.0,0.0,0.0,0.0,0.0,0.0,0.0,0.0,0.0,0.0,0.0,0.0,0.0,0.0,0.0,0.0,0.0,0.0
0.0,0.0,0.0,19.74255687995014,12.138872143930449,3.982872124741693,0.0,0.0,0.0,0.0,0.0,0.0,0.0,0.0,0.0,0.0,0.0,0.0,0.0,0.0,0.0,0.0,0.0,0.0,0.0,0.0,0.0,0.0,0.0,0.0,0.0,0.0,0.0,0.0,6.822878654479979,21.51587348175049,32.59887348175049,18.50687348175049,14.834873481750492,0.6258734817504852,22.21387348175049,34.230873481750486,40.97287348175048,42.638873481750494,32.57187348175049,25.72887348175049,22.667873481750483,32.96187348175049,14.506873481750489,4.2668734817504905,9.916873481750493,0.0,0.0,0.0,0.0,0.0,0.0,0.0,0.0,0.0,0.0,0.0,0.0,0.0,0.0,0.0,0.0,0.0,0.0,0.0,0.0,0.0,0.0,0.0,0.0,0.0,0.0,0.0,0.0,0.0,0.0,0.0,0.0,0.0,0.0,0.0,0.0,0.0,0.0,0.0,0.0,0.0,0.0,0.0,0.0,0.0,0.0,0.0,0.0,0.0
0.0,0.0,0.0,19.742573432529262,12.138872124741692,3.982872124741693,0.0,0.0,0.0,0.0,0.0,0.0,0.0,0.0,0.0,0.0,0.0,0.0,0.0,0.0,0.0,0.0,0.0,0.0,0.0,0.0,0.0,0.0,0.0,0.0,0.0,0.0,0.0,0.0,6.823263521671294,21.515875210285188,32.59887348175049,18.50687348175049,14.834873481750492,0.6258734817504852,22.21387348175049,34.230873481750486,40.97287348175048,42.638873481750494,32.57187348175049,25.72887348175049,22.667873481750483,32.96187348175049,14.506873481750489,4.2668734817504905,9.916873481750493,0.0,0.0,0.0,0.0,0.0,0.0,0.0,0.0,0.0,0.0,0.0,0.0,0.0,0.0,0.0,0.0,0.0,0.0,0.0,0.0,0.0,0.0,0.0,0.0,0.0,0.0,0.0,0.0,0.0,0.0,0.0,0.0,0.0,0.0,0.0,0.0,0.0,0.0,0.0,0.0,0.0,0.0,0.0,0.0,0.0,0.0,0.0,0.0,0.0
0.0,0.0,0.0,19.742237837974347,12.138872124741692,3.982872124741693,0.0,0.0,0.0,0.0,0.0,0.0,0.0,0.0,0.0,0.0,0.0,0.0,0.0,0.0,0.0,0.0,0.0,0.0,0.0,0.0,0.0,0.0,0.0,0.0,0.0,0.0,0.003663293361665154,0.0,6.821956749439238,21.51587348175049,32.59887348175049,18.50687348175049,14.834873481750492,0.6258734817504852,22.21387348175049,34.230873481750486,40.97287348175048,42.638873481750494,32.57187348175049,25.72887348175049,22.667873481750483,32.96187348175049,14.506873481750489,4.2668734817504905,9.916873481750493,0.0,0.0,0.0,0.0,0.0,0.0,0.0,0.0,0.0,0.0,0.0,0.0,0.0,0.0,0.0,0.0,0.0,0.0,0.0,0.0,0.0,0.0,0.0,0.0,0.0,0.0,0.0,0.0,0.0,0.0,0.0,0.0,0.0,0.0,0.0,0.0,0.0,0.0,0.0,0.0,0.0,0.0,0.0,0.0,0.0,0.0,0.0,0.0,0.0
0.0,0.0,0.0,19.74239532544174,12.138872124741692,3.982872124741693,0.0,0.0,0.0,0.0,0.0,0.0,0.0,0.0,0.0,0.0,0.0,0.0,0.0,0.0,0.0,0.0,0.0,0.0,0.0,0.0,0.0,0.0,0.0,0.0,0.0,0.0,0.0,0.0,6.821919675350188,21.51587348175049,32.59887348175049,18.50687348175049,14.834873481750492,0.6258734817504852,22.21387348175049,34.230873481750486,40.97287348175048,42.638873481750494,32.57187348175049,25.72887348175049,22.667873481750483,32.96187348175049,14.506873481750489,4.2668734817504905,9.916873481750493,0.0,0.0,0.0,0.0,0.0,0.0,0.0,0.0,0.0,0.0,0.0,0.0,0.0,0.0,0.0,0.0,0.0,0.0,0.0,0.0,0.0,0.0,0.0,0.0,0.0,0.0,0.0,0.0,0.0,0.0,0.0,0.0,0.0,0.0,0.0,0.0,0.0,0.0,0.0,0.0,0.0,0.0,0.0,0.0,0.0,0.0,0.0,0.0,0.0
0.0,0.0,0.0,19.742586595610895,12.138872182480988,3.982872124741693,0.0,0.0,0.0,0.0,0.0,0.0,0.0,0.0,0.0,0.0,0.0,0.0,0.0,0.0,0.0,0.0,0.0,0.0,0.0,0.0,0.0,0.0,0.0,0.0,0.0,0.0,0.0,0.0,6.82281600999832,21.515874673843385,32.59887348175049,18.50687348175049,14.834873481750492,0.6258734817504852,22.21387348175049,34.230873481750486,40.97287348175048,42.638873481750494,32.57187348175049,25.72887348175049,22.667873481750483,32.96187348175049,14.506873481750489,4.2668734817504905,9.916873481750493,0.0,0.0,0.0,0.0,0.0,0.0,0.0,0.0,0.0,0.0,0.0,0.0,0.0,0.0,0.0,0.0,0.0,0.0,0.0,0.0,0.0,0.0,0.0,0.0,0.0,0.0,0.0,0.0,0.0,0.0,0.0,0.0,0.0,0.0,0.0,0.0,0.0,0.0,0.0,0.0,0.0,0.0,0.0,0.0,0.0,0.0,0.0,0.0,0.0
0.0,0.0,0.0,19.742037040807634,12.138872124741692,3.982872124741693,0.0,0.0,0.0,0.0,0.0,0.0,0.0,0.0,0.0,0.0,0.0,0.0,0.0,0.0,0.0,0.0,0.0,0.0,0.0,0.0,0.0,0.0,0.0,0.0,0.0,0.0,0.0,0.0,6.8222116189002975,21.515873779773713,32.59887348175049,18.50687348175049,14.834873481750492,0.6258734817504852,22.21387348175049,34.230873481750486,40.97287348175048,42.638873481750494,32.57187348175049,25.72887348175049,22.667873481750483,32.96187348175049,14.506873481750489,4.2668734817504905,9.916873481750493,0.0,0.0,0.0,0.0,0.0,0.0,0.0,0.0,0.0,0.0,0.0,0.0,0.0,0.0,0.0,0.0,0.0,0.0,0.0,0.0,0.0,0.0,0.0,0.0,0.0,0.0,0.0,0.0,0.0,0.0,0.0,0.0,0.0,0.0,0.0,0.0,0.0,0.0,0.0,0.0,0.0,0.0,0.0,0.0,0.0,0.0,0.0,0.0,0.0
0.0,0.0,0.0,19.743846017460072,12.138873488119028,3.9828721247618937,0.0,0.0,0.0,0.0,0.0,0.0,0.0,0.0,0.0,0.0,0.0,0.0,0.0,0.0,0.0,0.0,0.0,0.0,0.0,0.0,0.0,0.0,0.0,0.0,0.0,0.0,0.0,0.0,6.822017784595488,21.51587360095978,32.59887348175049,18.50687348175049,14.834873481750492,0.6258734817504852,22.21387348175049,34.230873481750486,40.97287348175048,42.638873481750494,32.57187348175049,25.72887348175049,22.667873481750483,32.96187348175049,14.506873481750489,4.2668734817504905,9.916873481750493,0.0,0.0,0.0,0.0,0.0,0.0,0.0,0.0,0.0,0.0,0.0,0.0,0.0,0.0,0.0,0.0,0.0,0.0,0.0,0.0,0.0,0.0,0.0,0.0,0.0,0.0,0.0,0.0,0.0,0.0,0.0,0.0,0.0,0.0,0.0,0.0,0.0,0.0,0.0,0.0,0.0,0.0,0.0,0.0,0.0,0.0,0.0,0.0,0.0
0.0,0.0,0.0,19.74360692545403,12.138872623852304,3.982872124741693,0.0,0.0,0.0,0.0,0.0,0.0,0.0,0.0,0.0,0.0,0.0,0.0,0.0,0.0,0.0,0.0,0.0,0.0,0.0,0.0,0.0,0.0,0.0,0.0,0.0,0.0,0.0,0.0,6.824406559944151,21.515912880420686,32.59887515068054,18.50687348175049,14.834873481750492,0.6258734817504852,22.21387348175049,34.230873481750486,40.97287348175048,42.638873481750494,32.57187348175049,25.72887348175049,22.667873481750483,32.96187348175049,14.506873481750489,4.2668734817504905,9.916873481750493,0.0,0.0,0.0,0.0,0.0,0.0,0.0,0.0,0.0,0.0,0.0,0.0,0.0,0.0,0.0,0.0,0.0,0.0,0.0,0.0,0.0,0.0,0.0,0.0,0.0,0.0,0.0,0.0,0.0,0.0,0.0,0.0,0.0,0.0,0.0,0.0,0.0,0.0,0.0,0.0,0.0,0.0,0.0,0.0,0.0,0.0,0.0,0.0,0.0
0.0,0.0,0.0,19.743066954244203,12.138872124741692,3.982872124741693,0.0,0.0,0.0,0.0,0.0,0.0,0.0,0.0,0.0,0.0,0.0,0.0,0.0,0.0,0.0,0.0,0.0,0.0,0.0,0.0,0.0,0.0,0.0,0.0,0.0,0.0,0.0,0.0,0.0,0.0,0.0,0.0,0.0,0.0,0.0,0.0,0.0,0.0,0.0,0.0,0.0,0.0,0.0,0.0,0.0,0.0,0.0,0.0,0.0,0.0,0.0,0.0,0.0,0.0,0.0,0.0,0.0,0.0,0.0,0.0,0.0,0.0,0.0,0.0,0.0,0.0,0.0,0.0,0.0,0.0,0.0,0.0,0.0,0.0,0.0,0.0,0.0,0.0,0.0,0.0,0.0,0.0,0.0,0.0,0.0,0.0,0.0,0.0,0.0,0.0,0.0,0.0,0.0,0.0
0.0,0.0,0.0,19.743470404954458,12.138872257008362,3.982872124741693,0.0,0.0,0.0,0.0,0.0,0.0,0.0,0.0,0.0,0.0,0.0,0.0,0.0,0.0,0.0,0.0,0.0,0.0,0.0,0.0,0.0,0.0,0.0,0.0,0.0,0.0,0.0,0.0,6.823197062492369,21.51587985944748,32.59887348175049,18.50687348175049,14.834873481750492,0.6258734817504852,22.21387348175049,34.230873481750486,40.97287348175048,42.638873481750494,32.57187348175049,25.72887348175049,22.667873481750483,32.96187348175049,14.506873481750489,4.2668734817504905,9.916873481750493,0.0,0.0,0.0,0.0,0.0,0.0,0.0,0.0,0.0,0.0,0.0,0.0,0.0,0.0,0.0,0.0,0.0,0.0,0.0,0.0,0.0,0.0,0.0,0.0,0.0,0.0,0.0,0.0,0.0,0.0,0.0,0.0,0.0,0.0,0.0,0.0,0.0,0.0,0.0,0.0,0.0,0.0,0.0,0.0,0.0,0.0,0.0,0.0,0.0
0.0,0.0,0.0,19.742197490425106,12.138872233533935,3.982872124741693,0.0,0.0,0.0,0.0,0.0,0.0,0.0,0.0,0.0,0.0,0.0,0.0,0.0,0.0,0.0,0.0,0.0,0.0,0.0,0.0,0.0,0.0,0.0,0.0,0.0,0.0,0.0,0.0,6.82524543571472,21.515878428936006,32.59887348175049,18.50687348175049,14.834873481750492,0.6258734817504852,22.21387348175049,34.230873481750486,40.97287348175048,42.638873481750494,32.57187348175049,25.72887348175049,22.667873481750483,32.96187348175049,14.506873481750489,4.2668734817504905,9.916873481750493,0.0,0.0,0.0,0.0,0.0,0.0,0.0,0.0,0.0,0.0,0.0,0.0,0.0,0.0,0.0,0.0,0.0,0.0,0.0,0.0,0.0,0.0,0.0,0.0,0.0,0.0,0.0,0.0,0.0,0.0,0.0,0.0,0.0,0.0,0.0,0.0,0.0,0.0,0.0,0.0,0.0,0.0,0.0,0.0,0.0,0.0,0.0,0.0,0.0
0.0,0.0,0.0,19.743749463789975,12.13887446458487,3.982872124860638,0.0,0.0,0.0,0.0,0.0,0.0,0.0,0.0,0.0,0.0,0.0,0.0,0.0,0.0,0.0,0.0,0.0,0.0,0.0,0.0,0.0,0.0,0.0,0.0,0.0,0.0,0.0,0.0,6.82269268798828,21.515873958587648,32.59887348175049,18.50687348175049,14.834873481750492,0.6258734817504852,22.21387348175049,34.230873481750486,40.97287348175048,42.638873481750494,32.57187348175049,25.72887348175049,22.667873481750483,32.96187348175049,14.506873481750489,4.2668734817504905,9.916873481750493,0.0,0.0,0.0,0.0,0.0,0.0,0.0,0.0,0.0,0.0,0.0,0.0,0.0,0.0,0.0,0.0,0.0,0.0,0.0,0.0,0.0,0.0,0.0,0.0,0.0,0.0,0.0,0.0,0.0,0.0,0.0,0.0,0.0,0.0,0.0,0.0,0.0,0.0,0.0,0.0,0.0,0.0,0.0,0.0,0.0,0.0,0.0,0.0,0.0
0.0,0.0,0.0,19.743746491538662,12.138872630071312,3.982872124741693,0.0,0.0,0.0,0.0,0.0,0.0,0.0,0.0,0.0,0.0,0.0,0.0,0.0,0.0,0.0,0.0,0.0,0.0,0.0,0.0,0.0,0.0,0.0,0.0,0.0,0.0,0.0,0.0,6.8237040596008285,21.5158796210289,32.59887348175049,18.50687348175049,14.834873481750492,0.6258734817504852,22.21387348175049,34.230873481750486,40.97287348175048,42.638873481750494,32.57187348175049,25.72887348175049,22.667873481750483,32.96187348175049,14.506873481750489,4.2668734817504905,9.916873481750493,0.0,0.0,0.0,0.0,0.0,0.0,0.0,0.0,0.0,0.0,0.0,0.0,0.0,0.0,0.0,0.0,0.0,0.0,0.0,0.0,0.0,0.0,0.0,0.0,0.0,0.0,0.0,0.0,0.0,0.0,0.0,0.0,0.0,0.0,0.0,0.0,0.0,0.0,0.0,0.0,0.0,0.0,0.0,0.0,0.0,0.0,0.0,0.0,0.0
0.0,0.0,0.0,19.869395331268464,12.13891839961342,3.982872124741693,0.0,0.0,0.0,0.0,0.0,0.0,0.0,0.0,0.0,0.0,0.0,0.0,0.0,0.0,0.0,0.0,0.0,0.0,0.0,0.0,0.0,0.0,0.0,0.0,0.0,0.0,0.0,0.0,6.8271894412040695,21.51588236284256,32.59887348175049,18.50687348175049,14.834873481750492,0.6258734817504852,22.21387348175049,34.230873481750486,40.97287348175048,42.638873481750494,32.57187348175049,25.72887348175049,22.667873481750483,32.96187348175049,14.506873481750489,4.2668734817504905,9.916873481750493,0.0,0.0,0.0,0.0,0.0,0.0,0.0,0.0,0.0,0.0,0.0,0.0,0.0,0.0,0.0,0.0,0.0,0.0,0.0,0.0,0.0,0.0,0.0,0.0,0.0,0.0,0.0,0.0,0.0,0.0,0.0,0.0,0.0,0.0,0.0,0.0,0.0,0.0,0.0,0.0,0.0,0.0,0.0,0.0,0.0,0.0,0.0,0.0,0.0
0.0,0.0,0.0,19.746580532224964,12.138880482951748,3.9828721258196467,0.0,0.0,0.0,0.0,0.0,0.0,0.0,0.0,0.0,0.0,0.0,0.0,0.0,0.0,0.0,0.0,0.0,0.0,0.0,0.0,0.0,0.0,0.0,0.0,0.0,0.0,0.0,0.0,6.824932630538939,21.51587771368027,32.59887348175049,18.50687348175049,14.834873481750492,0.6258734817504852,22.21387348175049,34.230873481750486,40.97287348175048,42.638873481750494,32.57187348175049,25.72887348175049,22.667873481750483,32.96187348175049,14.506873481750489,4.2668734817504905,9.916873481750493,0.0,0.0,0.0,0.0,0.0,0.0,0.0,0.0,0.0,0.0,0.0,0.0,0.0,0.0,0.0,0.0,0.0,0.0,0.0,0.0,0.0,0.0,0.0,0.0,0.0,0.0,0.0,0.0,0.0,0.0,0.0,0.0,0.0,0.0,0.0,0.0,0.0,0.0,0.0,0.0,0.0,0.0,0.0,0.0,0.0,0.0,0.0,0.0,0.0
0.0,0.0,0.0,19.74384651326691,12.13887222959097,3.982872124741693,0.0,0.0,0.0,0.0,0.0,0.0,0.0,0.0,0.0,0.0,0.0,0.0,0.0,0.0,0.0,0.0,0.0,0.0,0.0,0.0,0.0,0.0,0.0,0.0,0.0,0.0,0.019719115734101678,0.0,6.822256381988524,21.51587348175049,32.59887348175049,18.50687348175049,14.834873481750492,0.6258734817504852,22.21387348175049,34.230873481750486,40.97287348175048,42.638873481750494,32.57187348175049,25.72887348175049,22.667873481750483,32.96187348175049,14.506873481750489,4.2668734817504905,9.916873481750493,0.0,0.0,0.0,0.0,0.0,0.0,0.0,0.0,0.0,0.0,0.0,0.0,0.0,0.0,0.0,0.0,0.0,0.0,0.0,0.0,0.0,0.0,0.0,0.0,0.0,0.0,0.0,0.0,0.0,0.0,0.0,0.0,0.0,0.0,0.0,0.0,0.0,0.0,0.0,0.0,0.0,0.0,0.0,0.0,0.0,0.0,0.0,0.0,0.0
0.0,0.0,0.0,19.742699792142712,12.138872131834749,3.982872124741693,0.0,0.0,0.0,0.0,0.0,0.0,0.0,0.0,0.0,0.0,0.0,0.0,0.0,0.0,0.0,0.0,0.0,0.0,0.0,0.0,0.0,0.0,0.0,0.0,0.0,0.0,0.0,0.0,6.822349126815794,21.51587425661087,32.59887348175049,18.50687348175049,14.834873481750492,0.6258734817504852,22.21387348175049,34.230873481750486,40.97287348175048,42.638873481750494,32.57187348175049,25.72887348175049,22.667873481750483,32.96187348175049,14.506873481750489,4.2668734817504905,9.916873481750493,0.0,0.0,0.0,0.0,0.0,0.0,0.0,0.0,0.0,0.0,0.0,0.0,0.0,0.0,0.0,0.0,0.0,0.0,0.0,0.0,0.0,0.0,0.0,0.0,0.0,0.0,0.0,0.0,0.0,0.0,0.0,0.0,0.0,0.0,0.0,0.0,0.0,0.0,0.0,0.0,0.0,0.0,0.0,0.0,0.0,0.0,0.0,0.0,0.0
0.0,0.0,0.0,19.742053765740444,12.138872124741692,3.982872124741693,0.0,0.0,0.0,0.0,0.0,0.0,0.0,0.0,0.0,0.0,0.0,0.0,0.0,0.0,0.0,0.0,0.0,0.0,0.0,0.0,0.0,0.0,0.0,0.0,0.0,0.0,0.0,0.0,6.822745914936064,21.51587461423874,32.59887348175049,18.50687348175049,14.834873481750492,0.6258734817504852,22.21387348175049,34.230873481750486,40.97287348175048,42.638873481750494,32.57187348175049,25.72887348175049,22.667873481750483,32.96187348175049,14.506873481750489,4.2668734817504905,9.916873481750493,0.0,0.0,0.0,0.0,0.0,0.0,0.0,0.0,0.0,0.0,0.0,0.0,0.0,0.0,0.0,0.0,0.0,0.0,0.0,0.0,0.0,0.0,0.0,0.0,0.0,0.0,0.0,0.0,0.0,0.0,0.0,0.0,0.0,0.0,0.0,0.0,0.0,0.0,0.0,0.0,0.0,0.0,0.0,0.0,0.0,0.0,0.0,0.0,0.0
0.0,0.0,0.0,20.164823563523502,12.139259751433208,3.982872676485023,0.0,0.0,0.0,0.0,0.0,0.0,0.0,0.0,0.0,0.0,0.0,0.0,0.0,0.0,0.0,0.0,0.0,0.0,0.0,0.0,0.0,0.0,0.0,0.0,0.0,0.0,0.0,0.0,6.822158153533934,21.51587360095978,32.59887348175049,18.50687348175049,14.834873481750492,0.6258734817504852,22.21387348175049,34.230873481750486,40.97287348175048,42.638873481750494,32.57187348175049,25.72887348175049,22.667873481750483,32.96187348175049,14.506873481750489,4.2668734817504905,9.916873481750493,0.0,0.0,0.0,0.0,0.0,0.0,0.0,0.0,0.0,0.0,0.0,0.0,0.0,0.0,0.0,0.0,0.0,0.0,0.0,0.0,0.0,0.0,0.0,0.0,0.0,0.0,0.0,0.0,0.0,0.0,0.0,0.0,0.0,0.0,0.0,0.0,0.0,0.0,0.0,0.0,0.0,0.0,0.0,0.0,0.0,0.0,0.0,0.0,0.0
0.0,0.0,0.0,19.742800806402315,12.138872156663059,3.982872124741693,0.0,0.0,0.0,0.0,0.0,0.0,0.0,0.0,0.0,0.0,0.0,0.0,0.0,0.0,0.0,0.0,0.0,0.0,0.0,0.0,0.0,0.0,0.0,0.0,0.0,0.0,0.0,0.0,6.822341020584105,21.51587348175049,32.59887348175049,18.50687348175049,14.834873481750492,0.6258734817504852,22.21387348175049,34.230873481750486,40.97287348175048,42.638873481750494,32.57187348175049,25.72887348175049,22.667873481750483,32.96187348175049,14.506873481750489,4.2668734817504905,9.916873481750493,0.0,0.0,0.0,0.0,0.0,0.0,0.0,0.0,0.0,0.0,0.0,0.0,0.0,0.0,0.0,0.0,0.0,0.0,0.0,0.0,0.0,0.0,0.0,0.0,0.0,0.0,0.0,0.0,0.0,0.0,0.0,0.0,0.0,0.0,0.0,0.0,0.0,0.0,0.0,0.0,0.0,0.0,0.0,0.0,0.0,0.0,0.0,0.0,0.0
0.0,0.0,0.0,19.742494516343704,12.138872124741692,3.982872124741693,0.0,0.0,0.0,0.0,0.0,0.0,0.0,0.0,0.0,0.0,0.0,0.0,0.0,0.0,0.0,0.0,0.0,0.0,0.0,0.0,0.0,0.0,0.0,0.0,0.0,0.0,0.0,0.0,6.822832162857054,21.515875806331636,32.59887348175049,18.50687348175049,14.834873481750492,0.6258734817504852,22.21387348175049,34.230873481750486,40.97287348175048,42.638873481750494,32.57187348175049,25.72887348175049,22.667873481750483,32.96187348175049,14.506873481750489,4.2668734817504905,9.916873481750493,0.0,0.0,0.0,0.0,0.0,0.0,0.0,0.0,0.0,0.0,0.0,0.0,0.0,0.0,0.0,0.0,0.0,0.0,0.0,0.0,0.0,0.0,0.0,0.0,0.0,0.0,0.0,0.0,0.0,0.0,0.0,0.0,0.0,0.0,0.0,0.0,0.0,0.0,0.0,0.0,0.0,0.0,0.0,0.0,0.0,0.0,0.0,0.0,0.0
0.0,0.0,0.0,19.743517357511607,12.138872134223906,3.982872124741693,0.0,0.0,0.0,0.0,0.0,0.0,0.0,0.0,0.0,0.0,0.0,0.0,0.0,0.0,0.0,0.0,0.0,0.0,0.0,0.0,0.0,0.0,0.0,0.0,0.0,0.0,0.0,0.0,6.822862382411955,21.515873839378358,32.59887348175049,18.50687348175049,14.834873481750492,0.6258734817504852,22.21387348175049,34.230873481750486,40.97287348175048,42.638873481750494,32.57187348175049,25.72887348175049,22.667873481750483,32.96187348175049,14.506873481750489,4.2668734817504905,9.916873481750493,0.0,0.0,0.0,0.0,0.0,0.0,0.0,0.0,0.0,0.0,0.0,0.0,0.0,0.0,0.0,0.0,0.0,0.0,0.0,0.0,0.0,0.0,0.0,0.0,0.0,0.0,0.0,0.0,0.0,0.0,0.0,0.0,0.0,0.0,0.0,0.0,0.0,0.0,0.0,0.0,0.0,0.0,0.0,0.0,0.0,0.0,0.0,0.0,0.0
0.0,0.0,0.0,19.74221694868597,12.138872124741692,3.982872124741693,0.0,0.0,0.0,0.0,0.0,0.0,0.0,0.0,0.0,0.0,0.0,0.0,0.0,0.0,0.0,0.0,0.0,0.0,0.0,0.0,0.0,0.0,0.0,0.0,0.0,0.0,0.0,0.0,6.82364803123474,21.515873839378358,32.59887348175049,18.50687348175049,14.834873481750492,0.6258734817504852,22.21387348175049,34.230873481750486,40.97287348175048,42.638873481750494,32.57187348175049,25.72887348175049,22.667873481750483,32.96187348175049,14.506873481750489,4.2668734817504905,9.916873481750493,0.0,0.0,0.0,0.0,0.0,0.0,0.0,0.0,0.0,0.0,0.0,0.0,0.0,0.0,0.0,0.0,0.0,0.0,0.0,0.0,0.0,0.0,0.0,0.0,0.0,0.0,0.0,0.0,0.0,0.0,0.0,0.0,0.0,0.0,0.0,0.0,0.0,0.0,0.0,0.0,0.0,0.0,0.0,0.0,0.0,0.0,0.0,0.0,0.0
0.0,0.0,0.0,19.745651513515433,12.13887393574037,3.982872124741693,0.0,0.0,0.0,0.0,0.0,0.0,0.0,0.0,0.0,0.0,0.0,0.0,0.0,0.0,0.0,0.0,0.0,0.0,0.0,0.0,0.0,0.0,0.0,0.0,0.0,0.0,0.0,0.0,6.8232967214584335,21.5158813495636,32.59887348175049,18.50687348175049,14.834873481750492,0.6258734817504852,22.21387348175049,34.230873481750486,40.97287348175048,42.638873481750494,32.57187348175049,25.72887348175049,22.667873481750483,32.96187348175049,14.506873481750489,4.2668734817504905,9.916873481750493,0.0,0.0,0.0,0.0,0.0,0.0,0.0,0.0,0.0,0.0,0.0,0.0,0.0,0.0,0.0,0.0,0.0,0.0,0.0,0.0,0.0,0.0,0.0,0.0,0.0,0.0,0.0,0.0,0.0,0.0,0.0,0.0,0.0,0.0,0.0,0.0,0.0,0.0,0.0,0.0,0.0,0.0,0.0,0.0,0.0,0.0,0.0,0.0,0.0
